Matriz de predicciones: 
Usuario 0:	3.00	5.00	0.00	1.00	4.00	5.00	5.00	1.00	2.00	4.00	0.00	0.00	1.00	4.00	1.00	3.00	2.00	4.00	1.00	1.00	5.00	2.40	5.00	2.00	0.00	
Usuario 1:	4.00	5.00	1.00	3.00	4.00	2.00	0.00	1.00	4.00	3.96	0.00	2.00	1.40	2.00	0.00	1.00	4.00	5.00	3.00	1.96	1.00	0.00	5.00	2.21	0.00	
Usuario 2:	2.00	5.00	1.00	1.00	1.00	3.00	2.00	4.00	5.00	3.00	4.00	1.00	1.00	3.00	2.75	1.00	5.00	3.82	5.00	5.00	4.00	1.00	1.00	5.00	5.00	
Usuario 3:	3.00	5.00	1.00	4.00	1.00	2.00	3.00	1.94	5.00	5.00	2.00	5.00	1.00	5.00	3.00	2.00	3.00	3.00	1.00	3.00	1.00	5.00	5.00	3.03	3.00	
Usuario 4:	5.00	1.00	0.00	3.00	0.00	0.00	5.00	0.00	4.00	2.00	3.00	1.00	5.00	4.00	5.00	4.00	2.00	5.00	3.00	3.00	2.43	3.00	3.00	5.00	0.00	
Usuario 5:	2.00	4.00	3.00	3.00	0.00	0.00	0.00	2.00	0.00	5.00	2.00	0.00	4.00	2.00	1.00	5.00	3.00	4.00	3.00	1.00	3.00	2.00	5.00	0.00	2.00	
Usuario 6:	1.00	5.00	1.00	5.00	1.00	5.00	1.00	1.91	5.00	5.00	0.00	2.00	1.00	1.00	1.29	5.00	0.00	3.00	1.00	3.00	2.72	2.00	5.00	2.00	3.00	
Usuario 7:	4.00	1.00	1.00	3.00	0.73	2.00	1.00	1.00	5.00	2.00	0.00	1.00	1.00	5.00	0.00	0.00	4.00	5.00	2.00	3.00	0.00	1.12	1.00	3.00	5.00	
Usuario 8:	1.00	5.00	0.00	1.00	1.00	0.00	3.00	2.00	0.00	5.00	2.00	1.00	2.00	2.94	3.00	3.00	5.00	1.00	2.00	1.70	5.00	3.00	5.00	3.00	1.00	
Usuario 9:	1.00	0.00	2.00	5.00	1.00	5.00	1.00	2.00	2.00	2.00	2.00	3.00	4.00	5.00	2.00	5.00	3.00	3.00	3.00	0.00	3.00	3.00	4.00	4.00	2.00	

Matriz de similitud entre usuarios:
Usuario 0:	0.00	9.06	12.53	10.39	11.79	11.18	9.54	12.21	8.89	11.27	
Usuario 1:	9.06	0.00	10.30	9.80	11.36	9.22	9.33	8.49	10.72	10.95	
Usuario 2:	12.53	10.30	0.00	10.49	12.00	12.77	11.75	9.54	10.20	12.49	
Usuario 3:	10.39	9.80	10.49	0.00	10.44	11.18	8.60	9.54	9.70	10.39	
Usuario 4:	11.79	11.36	12.00	10.44	0.00	12.04	12.65	11.36	10.95	10.58	
Usuario 5:	11.18	9.22	12.77	11.18	12.04	0.00	10.15	12.49	8.19	10.05	
Usuario 6:	9.54	9.33	11.75	8.60	12.65	10.15	0.00	11.45	10.82	10.15	
Usuario 7:	12.21	8.49	9.54	9.54	11.36	12.49	11.45	0.00	13.04	11.09	
Usuario 8:	8.89	10.72	10.20	9.70	10.95	8.19	10.82	13.04	0.00	10.77	
Usuario 9:	11.27	10.95	12.49	10.39	10.58	10.05	10.15	11.09	10.77	0.00	
